Oc
 p-15,-1,17,0.7854,0,1,0,0.353553,0.353553,0.353553
 t0
Oc
 p-14,-1,16,0.7854,0,1,0,0.353553,0.353553,0.353553
 t0
Oc
 p-13,-1,15,0.7854,0,1,0,0.353553,0.353553,0.353553
 t0
Oc
 p-12,-1,14,0.7854,0,1,0,0.353553,0.353553,0.353553
 t0
Oc
 p-11,-1,13,0.7854,0,1,0,0.353553,0.353553,0.353553
 t0
Oc
 p-10,-1,12,0.7854,0,1,0,0.353553,0.353553,0.353553
 t0
Oc
 p-9,-1,11,0.7854,0,1,0,0.353553,0.353553,0.353553
 t0
Oc
 p-8,-1,10,0.7854,0,1,0,0.353553,0.353553,0.353553
 t0
Oc
 p-7,-1,9,0.7854,0,1,0,0.353553,0.353553,0.353553
 t0
Oc
 t0
 p-6,-1,8,0.7854,0,1,0,0.353553,0.353553,0.353553
Oc
 p-5,-1,7,0.7854,0,1,0,0.353553,0.353553,0.353553
 t0
Oc
 p-4,-1,6,0.7854,0,1,0,0.353553,0.353553,0.353553
 t0
Oc
 p-3,-1,5,0.7854,0,1,0,0.353553,0.353553,0.353553
 t0
Oc
 p-2,-1,4,0.7854,0,1,0,0.353553,0.353553,0.353553
 t0
Oc
 p-1,-1,3,0.7854,0,1,0,0.353553,0.353553,0.353553
 t0 
Oc
 p0,-1,2,0.7854,0,1,0,0.353553,0.353553,0.353553
 t0
Oc
 p1,-1,1,0.7854,0,1,0,0.353553,0.353553,0.353553
 t0
Oc
 p-15,1,17,0.7854,0,1,0,0.353553,0.353553,0.353553
 t0
 v0.636396,0,-0.636396
Oc
 p-14,1,16,0.7854,0,1,0,0.353553,0.353553,0.353553
 t0
 v0.636396,0,-0.636396
Oc
 p-13,1,15,0.7854,0,1,0,0.353553,0.353553,0.353553
 t0
 v0.636396,0,-0.636396
Oc
 p-12,1,14,0.7854,0,1,0,0.353553,0.353553,0.353553
 t0
 v0.636396,0,-0.636396
Oc
 p-11,1,13,0.7854,0,1,0,0.353553,0.353553,0.353553
 t0
 v0.636396,0,-0.636396
Oc
 p-10,1,12,0.7854,0,1,0,0.353553,0.353553,0.353553
 t0
 v0.636396,0,-0.636396
Oc
 p-9,1,11,0.7854,0,1,0,0.353553,0.353553,0.353553
 t0
 v0.636396,0,-0.636396
Oc
 p-8,1,10,0.7854,0,1,0,0.353553,0.353553,0.353553
 t0
 v0.636396,0,-0.636396
Oc
 p-7,1,9,0.7854,0,1,0,0.353553,0.353553,0.353553
 t0
 v0.636396,0,-0.636396
Oc
 t0
 p-6,1,8,0.7854,0,1,0,0.353553,0.353553,0.353553
 v0.636396,0,-0.636396
Oc
 p-5,1,7,0.7854,0,1,0,0.353553,0.353553,0.353553
 t0
 v0.636396,0,-0.636396
Oc
 p-4,1,6,0.7854,0,1,0,0.353553,0.353553,0.353553
 t0
 v0.636396,0,-0.636396
Oc
 p-3,1,5,0.7854,0,1,0,0.353553,0.353553,0.353553
 t0
 v0.636396,0,-0.636396
Oc
 p-2,1,4,0.7854,0,1,0,0.353553,0.353553,0.353553
 t0
 v0.636396,0,-0.636396
Oc
 p-1,1,3,0.7854,0,1,0,0.353553,0.353553,0.353553
 t0
 v0.636396,0,-0.636396
Oc
 p0,1,2,0.7854,0,1,0,0.353553,0.353553,0.353553
 t0
 v0.636396,0,-0.636396
Oc
 p1,1,1,0.7854,0,1,0,0.353553,0.353553,0.353553
 t0
 v0.636396,0,-0.636396
TTextures/tile.jpg
R
